202
228
251
223
109
15
257
241
700
683
196
191
324
388
308
250
475
319
239
381
500
484
226
266
88
435
635
19
214
17
184
165
260
683
270
10
299
371
44
236
45
229
323
722
26
2507
298
19
226
299
305
256
243
249
16
574
18
343
334
696
33
229
241
209
434
496
176
907
252
202
32
208
458
150
203
69
43
206
683
175
261
66
18
285
264
917
62
617
250
206
76
598
220
565
584
314
237
37
24
287
10
364
610
292
101
778
167
1215
345
309
182
296
270
213
255
568
362
384
23
106
304
44
221
191
457
22
447
548
144
241
32
22
333
476
295
33
373
58
523
579
338
286
123
421
297
458
243
13
321
401
30
171
231
354
35
6
175
231
149
186
766
313
1190
234
230
264
174
447
0
689
345
202
47
234
185
644
565
262
28
397
230
716
335
77
24
24
613
19
409
262
178
213
252
356
501
26
215
132
0
683
20
769
290
152
233
61
229
399
289
543
22
74
21
135
223
43
273
82
320
363
540
285
0
328
51
390
35
76
168
363
330
269
299
360
281
22
48
520
18
413
290
233
393
351
141
19
16
264
169
209
281
43
208
242
291
182
256
821
136
208
233
151
27
332
69
118
341
268
220
448
282
171
10
447
1
321
30
243
254
350
311
369
212
293
174
23
336
203
233
93
20
241
299
38
273
520
141
24
31
252
267
164
548
18
566
384
533
3
256
251
5
32
393
28
394
106
309
267
98
53
227
175
55
29
49
318
216
291
19
402
375
483
248
182
252
278
18
537
205
261
298
221
399
460
440
332
378
288
458
378
227
250
429
633
104
100
150
317
264
365
17
467
287
351
196
508
473
264
305
314
153
390
85
423
400
590
89
80
35
9
228
18
300
312
96
176
27
29
164
26
177
210
243
107
113
163
48
249
234
140
626
447
101
216
354
127
336
753
546
34
249
4
555
265
283
96
10
5
0
197
245
355
123
196
251
725
218
340
300
0
41
230
44
194
137
238
18
109
1
27
564
167
287
13
19
196
37
243
36
689
267
259
346
225
12
652
486
661
223
353
261
21
300
605
194
494
284
272
703
271
321
750
488
288
137
333
200
483
397
221
189
34
61
413
63
489
123
8
2
419
14
20
359
220
184
269
231
382
49
167
206
282
540
9
191
332
744
40
570
11
289
867
555
31
485
196
735
17
161
173
171
305
323
265
745
8
233
245
272
952
133
481
129
74
281
251
220
183
253
522
111
96
478
634
154
426
27
619
315
53
132
259
48
321
14
306
222
603
112
252
556
75
115
745
23
325
35
308
194
341
323
279
31
395
21
63
373
37
52
232
296
476
191
230
246
210
163
200
429
182
616
1015
185
22
568
18
13
460
169
208
346
5
364
218
652
205
202
249
249
779
81
245
14
273
575
218
505
195
37
202
296
307
311
280
215
16
174
284
431
18
242
778
13
155
325
190
313
291
624
263
23
372
309
290
34
518
132
32
287
235
288
495
258
232
507
36
153
647
361
278
206
361
28
260
341
273
150
127
89
84
609
599
391
5
150
191
252
330
121
2331
245
348
535
182
14
523
17
333
35
64
818
24
36
51
31
128
150
245
332
599
288
404
299
225
199
17
42
214
619
199
498
116
50
