0.4435
0.4434
0.4398
0.4387
0.3912
0.6791
0.4417
0.4447
0.5987
0.5920
0.4320
0.4134
0.4561
0.5170
0.4914
0.4305
0.5490
0.4660
0.4454
0.4975
0.5463
0.5444
0.4579
0.4458
0.3902
0.5323
0.5884
1.1087
0.4387
0.8171
0.4521
0.4334
0.4383
0.5922
0.4368
2.1390
0.4467
0.5135
0.4450
0.4404
0.5025
0.4377
0.4563
0.6018
0.7117
0.7336
0.4918
0.9275
0.4371
0.4495
0.4896
0.4695
0.4352
0.4502
1.1380
0.5131
0.8899
0.4541
0.4911
0.5864
0.5393
0.4495
0.4367
0.4541
0.5241
0.5502
0.4226
0.6048
0.4440
0.4374
0.6120
0.4298
0.5436
0.4399
0.4423
0.4022
0.7014
0.4652
0.5897
0.4192
0.4577
0.3896
0.8997
0.4352
0.4480
0.6103
0.4444
0.5755
0.4448
0.4440
0.4128
0.5095
0.4653
0.5137
0.5664
0.4809
0.4339
0.6250
0.6651
0.4553
6.7390
0.5226
0.5663
0.4452
0.4146
0.6142
0.4482
0.6567
0.4525
0.4549
0.4381
0.4836
0.4469
0.4432
0.4677
0.5046
0.5189
0.5200
0.6005
0.4341
0.4538
0.4496
0.4577
0.4380
0.5452
0.7184
0.4744
0.5018
0.4290
0.4412
0.5659
0.7320
0.5135
0.5192
0.4516
0.6040
0.5056
0.4469
0.5504
0.5699
0.4549
0.5038
0.4441
0.5364
0.4922
0.5460
0.4453
1.9245
0.5024
0.4655
0.7256
0.4247
0.4450
0.4676
0.6307
1.0155
0.4447
0.4446
0.4199
0.4319
0.5934
0.4509
0.6338
0.4822
0.4838
0.4520
0.4518
0.5055
0.6006
0.4527
0.4110
0.4995
0.4501
0.4018
0.5755
0.5449
0.4484
0.6710
0.4619
0.4545
0.5833
0.4497
0.4028
0.6411
0.8211
0.5745
3.2057
0.5050
0.4585
0.4545
0.4394
0.4522
0.4569
0.5050
0.8363
0.4308
0.4405
0.5797
0.8591
0.6142
0.4555
0.4179
0.4512
0.4288
0.4466
0.5175
0.4478
0.4866
0.8954
0.4094
1.0128
0.4458
0.4423
0.4990
0.4492
0.4339
0.4401
0.4974
0.5619
0.4550
0.4575
0.4290
0.5247
0.6954
0.4176
0.4143
0.5111
0.4558
0.4488
0.4447
0.4893
0.4540
0.8045
0.4059
0.5416
0.8764
0.5228
0.4760
0.4360
0.4658
0.4549
0.4223
0.5923
0.9538
0.4911
0.4420
0.4304
0.4431
0.4616
0.4492
0.4393
0.4403
0.4335
0.4447
0.6096
0.4039
0.4442
0.4495
0.4260
0.6381
0.4617
0.4009
0.4373
0.4964
0.4506
0.4357
0.5458
0.4460
0.4440
0.9920
0.5418
19.8634
0.4505
0.6991
0.4488
0.4266
0.5090
0.4597
0.5121
0.4542
0.4874
0.4771
0.8860
0.5102
0.4403
0.4494
0.4127
0.7484
0.4436
0.4936
0.4348
0.4561
0.5397
0.4376
0.6521
0.7846
0.4385
0.4362
0.4332
0.5639
1.1250
0.5604
0.5281
0.5397
1.8791
0.4498
0.4414
1.1519
0.5532
0.5344
0.7234
0.5232
0.4339
0.4568
0.4433
0.4121
0.6715
0.4425
0.4320
0.4463
0.7089
0.4917
0.4565
0.4343
0.4485
0.7009
0.4467
0.5209
0.5450
0.4345
0.4411
0.4368
0.4428
0.9691
0.5595
0.4365
0.4851
0.4476
0.4301
0.4788
0.5445
0.5405
0.5070
0.4994
0.4836
0.5022
0.5056
0.4808
0.4461
0.5261
0.5745
0.4358
0.4406
0.4298
0.4461
0.4456
0.4642
1.1682
0.5400
0.4896
0.5174
0.4544
0.5506
0.5485
0.4523
0.4527
0.4920
0.4392
0.4627
0.3812
0.5359
0.4643
0.5591
0.3882
0.4745
0.5101
2.3559
0.4297
0.9395
0.4451
0.4525
0.4249
0.4237
0.6618
0.6111
0.4265
0.6958
0.4649
0.4563
0.4790
0.4357
0.4334
0.4176
0.5369
0.4401
0.4818
0.4266
0.5753
0.5360
0.4363
0.4617
0.4562
0.4306
0.5074
0.5961
0.5396
0.5258
0.4371
4.5055
0.5605
0.4910
0.4443
0.4303
0.9901
13.7537
0.4245
0.4684
0.4598
0.4068
0.4339
0.4534
0.5938
0.4484
0.4476
0.4475
0.7037
0.4379
0.5393
0.4535
0.4367
0.4591
0.8257
0.4062
0.7136
0.5494
0.4371
0.4926
1.0948
1.2554
0.4352
0.6615
0.4404
0.4510
0.5952
0.4913
0.4424
0.4654
0.4494
0.8225
0.5752
0.5540
0.5784
0.4295
0.4544
0.4502
0.9963
0.4435
0.5735
0.4367
0.5461
0.4306
0.4430
0.5935
0.4460
0.4880
0.5366
0.5562
0.4482
0.4504
0.4548
0.4317
0.5487
0.4658
0.4463
0.4461
0.5509
0.5774
0.5182
0.3764
0.5574
0.4289
0.9992
6.4135
0.5343
0.9946
1.1136
0.4603
0.4438
0.4198
0.4401
0.4328
0.5291
0.4141
0.4105
0.4336
0.4452
0.5605
1.2116
0.4150
0.4966
0.5972
0.6176
0.5554
1.7904
0.4392
0.5633
0.5500
0.5752
0.5346
0.4298
0.5942
0.9911
0.4585
0.4588
0.4385
0.4446
0.4521
0.4465
0.6127
3.7098
0.4409
0.4811
0.4453
0.6312
0.4325
0.5491
0.4304
0.3914
0.4456
0.4444
0.4469
0.4299
0.4328
0.5365
0.4532
0.4149
0.5425
0.5818
0.4400
0.4696
0.6329
0.5749
0.4941
0.4251
0.4332
0.4273
0.4242
0.4844
1.0151
0.4598
0.4330
0.5673
0.4131
0.4548
0.5531
0.4206
0.4062
0.5347
0.7336
0.4860
0.5771
0.5021
0.4408
0.4509
0.4961
0.4773
0.6238
0.5245
0.6614
0.3993
0.5079
0.6302
0.6207
0.4420
0.4541
0.5194
0.4124
0.4513
0.4756
0.4569
0.4386
0.4302
0.5376
0.4204
0.5792
0.6430
0.4627
0.6787
0.5651
1.0085
1.2175
0.5409
0.4512
0.4326
0.5225
6.6456
0.4645
0.4328
0.5780
0.4504
0.4506
0.4422
0.4299
0.6211
0.3817
0.4416
0.7494
0.4365
0.5955
0.4253
0.5483
0.4346
0.5266
0.4375
0.4562
0.4496
0.4816
0.4476
0.4278
0.9766
0.4600
0.4448
0.5361
1.0258
0.4402
0.5769
1.3636
0.4101
0.4544
0.4498
0.4647
0.4530
0.5669
0.4440
0.8646
0.4601
0.4907
0.4545
0.6479
0.5411
0.4295
0.6166
0.4521
0.4336
0.4505
0.5488
0.4363
0.4416
0.5605
0.4476
0.4539
0.5887
0.5255
0.5031
0.4322
0.5085
0.5172
0.4464
0.4597
0.4433
0.4225
0.4418
0.4144
0.3765
0.5790
0.5763
0.5225
5.0112
0.4317
0.4363
0.4332
0.5049
0.4049
0.6669
0.4360
0.4606
0.5499
0.4470
0.7204
0.5478
0.7183
0.4569
0.5592
0.4173
0.6158
0.7036
0.5725
0.4337
0.6548
0.4166
0.4441
0.4531
0.4530
0.5624
0.4443
0.5326
0.4520
0.4266
0.4375
0.9088
0.4729
0.4528
0.5734
0.4420
0.5384
0.4342
0.4590
